0:0	0	2	1	0	1	1	4	78	
0:1	1	2	1	1	2	2	5	170	
0:2	2	2	0	2	0	2	2	69	
0:3	3	2	0	0	1	0	0	53	
1:0	0	2	1	0	1	1	4	93	
1:1	1	2	1	1	2	2	5	85	
1:2	2	2	0	2	0	2	2	59	
1:3	3	2	0	0	1	0	0	40	
2:0	0	2	1	0	1	1	4	79	
2:1	1	2	1	1	2	2	5	87	
2:2	2	2	0	2	0	2	2	35	
2:3	3	2	0	0	1	0	0	37	
3:0	0	2	1	0	1	1	4	123	
3:1	1	2	1	1	2	2	5	171	
3:2	2	2	0	2	0	2	2	90	
3:3	3	2	0	0	1	0	0	36	
4:0	0	2	1	0	1	1	4	92	
4:1	1	2	1	1	2	2	5	45	
4:2	2	2	0	2	0	2	2	77	
4:3	3	2	0	0	1	0	0	32	
5:0	0	2	1	0	1	1	4	94	
5:1	1	2	1	1	2	2	5	68	
5:2	2	2	0	2	0	2	2	40	
5:3	3	2	0	0	1	0	0	70	
6:0	0	2	1	0	1	1	4	104	
6:1	1	2	1	1	2	2	5	61	
6:2	2	2	0	2	0	2	2	62	
6:3	3	2	0	0	1	0	0	42	
7:0	0	2	1	0	1	1	4	61	
7:1	1	2	1	1	2	2	5	250	
7:2	2	2	0	2	0	2	2	84	
7:3	3	2	0	0	1	0	0	29	
8:0	0	2	1	0	1	1	4	93	
8:1	1	2	1	1	2	2	5	92	
8:2	2	2	0	2	0	2	2	81	
8:3	3	2	0	0	1	0	0	49	
9:0	0	2	1	0	1	1	4	271	
9:1	1	2	1	1	2	2	5	48	
9:2	2	2	0	2	0	2	2	92	
9:3	3	2	0	0	1	0	0	50	
10:0	0	2	1	0	1	1	4	262	
10:1	1	2	1	1	2	2	5	86	
10:2	2	2	0	2	0	2	2	62	
10:3	3	2	0	0	1	0	0	51	
11:0	0	2	1	0	1	1	4	71	
11:1	1	2	1	1	2	2	5	74	
11:2	2	2	0	2	0	2	2	62	
11:3	3	2	0	0	1	0	0	55	
12:0	0	2	1	0	1	1	4	369	
12:1	1	2	1	1	2	2	5	96	
12:2	2	2	0	2	0	2	2	42	
12:3	3	2	0	0	1	0	0	34	
13:0	0	2	1	0	1	1	4	85	
13:1	1	2	1	1	2	2	5	95	
13:2	2	2	0	2	0	2	2	59	
13:3	3	2	0	0	1	0	0	69	
14:0	0	2	1	0	1	1	4	171	
14:1	1	2	1	1	2	2	5	74	
14:2	2	2	0	2	0	2	2	48	
14:3	3	2	0	0	1	0	0	41	
15:0	0	2	1	0	1	1	4	128	
15:1	1	2	1	1	2	2	5	131	
15:2	2	2	0	2	0	2	2	92	
15:3	3	2	0	0	1	0	0	37	
16:0	0	2	1	0	1	1	4	235	
16:1	1	2	1	1	2	2	5	47	
16:2	2	2	0	2	0	2	2	56	
16:3	3	2	0	0	1	0	0	68	
17:0	0	2	1	0	1	1	4	88	
17:1	1	2	1	1	2	2	5	63	
17:2	2	2	0	2	0	2	2	76	
17:3	3	2	0	0	1	0	0	50	
18:0	0	2	1	0	1	1	4	94	
18:1	1	2	1	1	2	2	5	94	
18:2	2	2	0	2	0	2	2	58	
18:3	3	2	0	0	1	0	0	36	
19:0	0	2	1	0	1	1	4	173	
19:1	1	2	1	1	2	2	5	69	
19:2	2	2	0	2	0	2	2	72	
19:3	3	2	0	0	1	0	0	41	
20:0	0	2	1	0	1	1	4	44	
20:1	1	2	1	1	2	2	5	68	
20:2	2	2	0	2	0	2	2	53	
20:3	3	2	0	0	1	0	0	48	
21:0	0	2	1	0	1	1	4	103	
21:1	1	2	1	1	2	2	5	120	
21:2	2	2	0	2	0	2	2	69	
21:3	3	2	0	0	1	0	0	41	
22:0	0	2	1	0	1	1	4	100	
22:1	1	2	1	1	2	2	5	64	
22:2	2	2	0	2	0	2	2	72	
22:3	3	2	0	0	1	0	0	85	
23:0	0	2	1	0	1	1	4	66	
23:1	1	2	1	1	2	2	5	77	
23:2	2	2	0	2	0	2	2	96	
23:3	3	2	0	0	1	0	0	36	
24:0	0	2	1	0	1	1	4	96	
24:1	1	2	1	1	2	2	5	48	
24:2	2	2	0	2	0	2	2	61	
24:3	3	2	0	0	1	0	0	44	
25:0	0	2	1	0	1	1	4	78	
25:1	1	2	1	1	2	2	5	77	
25:2	2	2	0	2	0	2	2	66	
25:3	3	2	0	0	1	0	0	33	
26:0	0	2	1	0	1	1	4	96	
26:1	1	2	1	1	2	2	5	95	
26:2	2	2	0	2	0	2	2	60	
26:3	3	2	0	0	1	0	0	44	
27:0	0	2	1	0	1	1	4	115	
27:1	1	2	1	1	2	2	5	150	
27:2	2	2	0	2	0	2	2	101	
27:3	3	2	0	0	1	0	0	30	
28:0	0	2	1	0	1	1	4	61	
28:1	1	2	1	1	2	2	5	86	
28:2	2	2	0	2	0	2	2	81	
28:3	3	2	0	0	1	0	0	53	
29:0	0	2	1	0	1	1	4	102	
29:1	1	2	1	1	2	2	5	58	
29:2	2	2	0	2	0	2	2	52	
29:3	3	2	0	0	1	0	0	65	
30:0	0	2	1	0	1	1	4	97	
30:1	1	2	1	1	2	2	5	76	
30:2	2	2	0	2	0	2	2	83	
30:3	3	2	0	0	1	0	0	36	
31:0	0	2	1	0	1	1	4	92	
31:1	1	2	1	1	2	2	5	351	
31:2	2	2	0	2	0	2	2	64	
31:3	3	2	0	0	1	0	0	61	
32:0	0	2	1	0	1	1	4	171	
32:1	1	2	1	1	2	2	5	92	
32:2	2	2	0	2	0	2	2	65	
32:3	3	2	0	0	1	0	0	33	
33:0	0	2	1	0	1	1	4	99	
33:1	1	2	1	1	2	2	5	99	
33:2	2	2	0	2	0	2	2	77	
33:3	3	2	0	0	1	0	0	51	
34:0	0	2	1	0	1	1	4	97	
34:1	1	2	1	1	2	2	5	188	
34:2	2	2	0	2	0	2	2	52	
34:3	3	2	0	0	1	0	0	31	
35:0	0	2	1	0	1	1	4	99	
35:1	1	2	1	1	2	2	5	78	
35:2	2	2	0	2	0	2	2	92	
35:3	3	2	0	0	1	0	0	59	
36:0	0	2	1	0	1	1	4	351	
36:1	1	2	1	1	2	2	5	89	
36:2	2	2	0	2	0	2	2	58	
36:3	3	2	0	0	1	0	0	57	
37:0	0	2	1	0	1	1	4	69	
37:1	1	2	1	1	2	2	5	70	
37:2	2	2	0	2	0	2	2	45	
37:3	3	2	0	0	1	0	0	33	
38:0	0	2	1	0	1	1	4	79	
38:1	1	2	1	1	2	2	5	77	
38:2	2	2	0	2	0	2	2	112	
38:3	3	2	0	0	1	0	0	55	
39:0	0	2	1	0	1	1	4	95	
39:1	1	2	1	1	2	2	5	66	
39:2	2	2	0	2	0	2	2	52	
39:3	3	2	0	0	1	0	0	29	
40:0	0	2	1	0	1	1	4	65	
40:1	1	2	1	1	2	2	5	66	
40:2	2	2	0	2	0	2	2	61	
40:3	3	2	0	0	1	0	0	46	
41:0	0	2	1	0	1	1	4	94	
41:1	1	2	1	1	2	2	5	40	
41:2	2	2	0	2	0	2	2	34	
41:3	3	2	0	0	1	0	0	46	
42:0	0	2	1	0	1	1	4	286	
42:1	1	2	1	1	2	2	5	61	
42:2	2	2	0	2	0	2	2	74	
42:3	3	2	0	0	1	0	0	44	
43:0	0	2	1	0	1	1	4	154	
43:1	1	2	1	1	2	2	5	177	
43:2	2	2	0	2	0	2	2	67	
43:3	3	2	0	0	1	0	0	37	
44:0	0	2	1	0	1	1	4	42	
44:1	1	2	1	1	2	2	5	53	
44:2	2	2	0	2	0	2	2	45	
44:3	3	2	0	0	1	0	0	55	
45:0	0	2	1	0	1	1	4	90	
45:1	1	2	1	1	2	2	5	74	
45:2	2	2	0	2	0	2	2	95	
45:3	3	2	0	0	1	0	0	37	
46:0	0	2	1	0	1	1	4	292	
46:1	1	2	1	1	2	2	5	77	
46:2	2	2	0	2	0	2	2	56	
46:3	3	2	0	0	1	0	0	26	
47:0	0	2	1	0	1	1	4	243	
47:1	1	2	1	1	2	2	5	33	
47:2	2	2	0	2	0	2	2	71	
47:3	3	2	0	0	1	0	0	45	
48:0	0	2	1	0	1	1	4	76	
48:1	1	2	1	1	2	2	5	53	
48:2	2	2	0	2	0	2	2	62	
48:3	3	2	0	0	1	0	0	30	
49:0	0	2	1	0	1	1	4	96	
49:1	1	2	1	1	2	2	5	73	
49:2	2	2	0	2	0	2	2	59	
49:3	3	2	0	0	1	0	0	50	
50:0	0	2	1	0	1	1	4	137	
50:1	1	2	1	1	2	2	5	67	
50:2	2	2	0	2	0	2	2	45	
50:3	3	2	0	0	1	0	0	33	
51:0	0	2	1	0	1	1	4	78	
51:1	1	2	1	1	2	2	5	181	
51:2	2	2	0	2	0	2	2	67	
51:3	3	2	0	0	1	0	0	61	
52:0	0	2	1	0	1	1	4	244	
52:1	1	2	1	1	2	2	5	184	
52:2	2	2	0	2	0	2	2	95	
52:3	3	2	0	0	1	0	0	29	
53:0	0	2	1	0	1	1	4	70	
53:1	1	2	1	1	2	2	5	36	
53:2	2	2	0	2	0	2	2	51	
53:3	3	2	0	0	1	0	0	29	
54:0	0	2	1	0	1	1	4	71	
54:1	1	2	1	1	2	2	5	75	
54:2	2	2	0	2	0	2	2	60	
54:3	3	2	0	0	1	0	0	34	
55:0	0	2	1	0	1	1	4	190	
55:1	1	2	1	1	2	2	5	100	
55:2	2	2	0	2	0	2	2	61	
55:3	3	2	0	0	1	0	0	31	
56:0	0	2	1	0	1	1	4	60	
56:1	1	2	1	1	2	2	5	56	
56:2	2	2	0	2	0	2	2	45	
56:3	3	2	0	0	1	0	0	44	
57:0	0	2	1	0	1	1	4	78	
57:1	1	2	1	1	2	2	5	86	
57:2	2	2	0	2	0	2	2	76	
57:3	3	2	0	0	1	0	0	56	
58:0	0	2	1	0	1	1	4	92	
58:1	1	2	1	1	2	2	5	73	
58:2	2	2	0	2	0	2	2	33	
58:3	3	2	0	0	1	0	0	41	
59:0	0	2	1	0	1	1	4	76	
59:1	1	2	1	1	2	2	5	83	
59:2	2	2	0	2	0	2	2	66	
59:3	3	2	0	0	1	0	0	35	
60:0	0	2	1	0	1	1	4	115	
60:1	1	2	1	1	2	2	5	68	
60:2	2	2	0	2	0	2	2	51	
60:3	3	2	0	0	1	0	0	39	
61:0	0	2	1	0	1	1	4	104	
61:1	1	2	1	1	2	2	5	68	
61:2	2	2	0	2	0	2	2	50	
61:3	3	2	0	0	1	0	0	59	
62:0	0	2	1	0	1	1	4	92	
62:1	1	2	1	1	2	2	5	83	
62:2	2	2	0	2	0	2	2	36	
62:3	3	2	0	0	1	0	0	34	
63:0	0	2	1	0	1	1	4	95	
63:1	1	2	1	1	2	2	5	72	
63:2	2	2	0	2	0	2	2	69	
63:3	3	2	0	0	1	0	0	51	
64:0	0	2	1	0	1	1	4	96	
64:1	1	2	1	1	2	2	5	97	
64:2	2	2	0	2	0	2	2	148	
64:3	3	2	0	0	1	0	0	39	
65:0	0	2	1	0	1	1	4	63	
65:1	1	2	1	1	2	2	5	64	
65:2	2	2	0	2	0	2	2	49	
65:3	3	2	0	0	1	0	0	49	
66:0	0	2	1	0	1	1	4	76	
66:1	1	2	1	1	2	2	5	71	
66:2	2	2	0	2	0	2	2	55	
66:3	3	2	0	0	1	0	0	47	
67:0	0	2	1	0	1	1	4	85	
67:1	1	2	1	1	2	2	5	94	
67:2	2	2	0	2	0	2	2	74	
67:3	3	2	0	0	1	0	0	86	
68:1	1	2	1	1	2	2	5	77	
68:2	2	2	0	2	0	2	2	81	
68:3	3	2	0	0	1	0	0	34	
69:0	0	2	1	0	1	1	4	69	
69:1	1	2	1	1	2	2	5	117	
69:2	2	2	0	2	0	2	2	76	
69:3	3	2	0	0	1	0	0	55	
70:0	0	2	1	0	1	1	4	70	
70:1	1	2	1	1	2	2	5	153	
70:2	2	2	0	2	0	2	2	53	
70:3	3	2	0	0	1	0	0	40	
71:0	0	2	1	0	1	1	4	103	
71:1	1	2	1	1	2	2	5	246	
71:2	2	2	0	2	0	2	2	82	
71:3	3	2	0	0	1	0	0	36	
72:1	1	2	1	1	2	2	5	119	
72:2	2	2	0	2	0	2	2	52	
72:3	3	2	0	0	1	0	0	35	
73:0	0	2	1	0	1	1	4	68	
73:1	1	2	1	1	2	2	5	65	
73:2	2	2	0	2	0	2	2	42	
73:3	3	2	0	0	1	0	0	41	
74:0	0	2	1	0	1	1	4	58	
74:1	1	2	1	1	2	2	5	82	
74:2	2	2	0	2	0	2	2	59	
74:3	3	2	0	0	1	0	0	30	
75:0	0	2	1	0	1	1	4	80	
75:1	1	2	1	1	2	2	5	196	
75:2	2	2	0	2	0	2	2	127	
75:3	3	2	0	0	1	0	0	83	
76:0	0	2	1	0	1	1	4	97	
76:1	1	2	1	1	2	2	5	93	
76:2	2	2	0	2	0	2	2	67	
76:3	3	2	0	0	1	0	0	49	
77:0	0	2	1	0	1	1	4	77	
77:1	1	2	1	1	2	2	5	71	
77:2	2	2	0	2	0	2	2	67	
77:3	3	2	0	0	1	0	0	34	
78:0	0	2	1	0	1	1	4	51	
78:1	1	2	1	1	2	2	5	66	
78:2	2	2	0	2	0	2	2	48	
78:3	3	2	0	0	1	0	0	45	
79:0	0	2	1	0	1	1	4	74	
79:1	1	2	1	1	2	2	5	128	
79:2	2	2	0	2	0	2	2	76	
79:3	3	2	0	0	1	0	0	63	
80:0	0	2	1	0	1	1	4	77	
80:1	1	2	1	1	2	2	5	103	
80:2	2	2	0	2	0	2	2	68	
80:3	3	2	0	0	1	0	0	46	
81:0	0	2	1	0	1	1	4	135	
81:1	1	2	1	1	2	2	5	62	
81:2	2	2	0	2	0	2	2	74	
81:3	3	2	0	0	1	0	0	45	
82:0	0	2	1	0	1	1	4	109	
82:1	1	2	1	1	2	2	5	323	
82:2	2	2	0	2	0	2	2	77	
82:3	3	2	0	0	1	0	0	50	
83:0	0	2	1	0	1	1	4	67	
83:1	1	2	1	1	2	2	5	88	
83:2	2	2	0	2	0	2	2	84	
83:3	3	2	0	0	1	0	0	56	
84:0	0	2	1	0	1	1	4	82	
84:1	1	2	1	1	2	2	5	90	
84:2	2	2	0	2	0	2	2	56	
84:3	3	2	0	0	1	0	0	30	
85:0	0	2	1	0	1	1	4	89	
85:1	1	2	1	1	2	2	5	97	
85:2	2	2	0	2	0	2	2	26	
85:3	3	2	0	0	1	0	0	43	
86:0	0	2	1	0	1	1	4	67	
86:1	1	2	1	1	2	2	5	83	
86:2	2	2	0	2	0	2	2	79	
86:3	3	2	0	0	1	0	0	28	
87:0	0	2	1	0	1	1	4	116	
87:1	1	2	1	1	2	2	5	93	
87:2	2	2	0	2	0	2	2	70	
87:3	3	2	0	0	1	0	0	103	
88:0	0	2	1	0	1	1	4	121	
88:1	1	2	1	1	2	2	5	77	
88:2	2	2	0	2	0	2	2	37	
88:3	3	2	0	0	1	0	0	54	
89:0	0	2	1	0	1	1	4	90	
89:1	1	2	1	1	2	2	5	37	
89:2	2	2	0	2	0	2	2	39	
89:3	3	2	0	0	1	0	0	37	
90:0	0	2	1	0	1	1	4	68	
90:1	1	2	1	1	2	2	5	101	
90:2	2	2	0	2	0	2	2	48	
90:3	3	2	0	0	1	0	0	86	
91:0	0	2	1	0	1	1	4	192	
91:1	1	2	1	1	2	2	5	204	
91:2	2	2	0	2	0	2	2	85	
91:3	3	2	0	0	1	0	0	47	
92:0	0	2	1	0	1	1	4	82	
92:1	1	2	1	1	2	2	5	140	
92:2	2	2	0	2	0	2	2	115	
92:3	3	2	0	0	1	0	0	36	
93:0	0	2	1	0	1	1	4	65	
93:1	1	2	1	1	2	2	5	211	
93:2	2	2	0	2	0	2	2	100	
93:3	3	2	0	0	1	0	0	50	
94:0	0	2	1	0	1	1	4	62	
94:1	1	2	1	1	2	2	5	344	
94:2	2	2	0	2	0	2	2	58	
94:3	3	2	0	0	1	0	0	36	
95:0	0	2	1	0	1	1	4	98	
95:1	1	2	1	1	2	2	5	81	
95:2	2	2	0	2	0	2	2	67	
95:3	3	2	0	0	1	0	0	46	
96:0	0	2	1	0	1	1	4	75	
96:1	1	2	1	1	2	2	5	286	
96:2	2	2	0	2	0	2	2	82	
96:3	3	2	0	0	1	0	0	60	
97:0	0	2	1	0	1	1	4	74	
97:1	1	2	1	1	2	2	5	108	
97:2	2	2	0	2	0	2	2	62	
97:3	3	2	0	0	1	0	0	53	
98:0	0	2	1	0	1	1	4	78	
98:1	1	2	1	1	2	2	5	79	
98:2	2	2	0	2	0	2	2	45	
98:3	3	2	0	0	1	0	0	49	
99:0	0	2	1	0	1	1	4	74	
99:1	1	2	1	1	2	2	5	131	
99:2	2	2	0	2	0	2	2	65	
99:3	3	2	0	0	1	0	0	42	
100:0	0	2	1	0	1	1	4	113	
100:1	1	2	1	1	2	2	5	101	
100:2	2	2	0	1	2	1	1	127	
100:3	3	2	0	2	0	2	2	39	
101:0	0	2	1	0	1	1	4	74	
101:1	1	2	1	1	2	2	5	93	
101:2	2	2	0	1	2	1	1	108	
101:3	3	2	0	2	0	2	2	59	
102:0	0	2	1	0	1	1	4	63	
102:1	1	2	1	1	2	2	5	64	
102:2	2	2	0	1	2	1	1	59	
102:3	3	2	0	2	0	2	2	73	
103:0	0	2	1	0	1	1	4	120	
103:1	1	2	1	1	2	2	5	77	
103:2	2	2	0	1	2	1	1	84	
103:3	3	2	0	2	0	2	2	25	
104:0	0	2	1	0	1	1	4	88	
104:1	1	2	1	1	2	2	5	82	
104:2	2	2	0	1	2	1	1	112	
104:3	3	2	0	2	0	2	2	39	
105:0	0	2	1	0	1	1	4	158	
105:1	1	2	1	1	2	2	5	110	
105:2	2	2	0	1	2	1	1	92	
105:3	3	2	0	2	0	2	2	51	
106:0	0	2	1	0	1	1	4	178	
106:1	1	2	1	1	2	2	5	58	
106:2	2	2	0	1	2	1	1	122	
106:3	3	2	0	2	0	2	2	26	
107:0	0	2	1	0	1	1	4	194	
107:1	1	2	1	1	2	2	5	68	
107:2	2	2	0	1	2	1	1	86	
107:3	3	2	0	2	0	2	2	52	
108:0	0	2	1	0	1	1	4	86	
108:1	1	2	1	1	2	2	5	69	
108:2	2	2	0	1	2	1	1	79	
108:3	3	2	0	2	0	2	2	33	
109:0	0	2	1	0	1	1	4	80	
109:1	1	2	1	1	2	2	5	95	
109:2	2	2	0	1	2	1	1	119	
109:3	3	2	0	2	0	2	2	44	
110:0	0	2	1	0	1	1	4	119	
110:1	1	2	1	1	2	2	5	62	
110:2	2	2	0	1	2	1	1	73	
110:3	3	2	0	2	0	2	2	43	
111:0	0	2	1	0	1	1	4	111	
111:1	1	2	1	1	2	2	5	98	
111:2	2	2	0	1	2	1	1	130	
111:3	3	2	0	2	0	2	2	47	
112:0	0	2	1	0	1	1	4	71	
112:1	1	2	1	1	2	2	5	88	
112:2	2	2	0	1	2	1	1	65	
112:3	3	2	0	2	0	2	2	49	
113:0	0	2	1	0	1	1	4	67	
113:1	1	2	1	1	2	2	5	79	
113:2	2	2	0	1	2	1	1	56	
113:3	3	2	0	2	0	2	2	38	
114:0	0	2	1	0	1	1	4	94	
114:1	1	2	1	1	2	2	5	80	
114:2	2	2	0	1	2	1	1	86	
114:3	3	2	0	2	0	2	2	38	
115:0	0	2	1	0	1	1	4	156	
115:1	1	2	1	1	2	2	5	95	
115:2	2	2	0	1	2	1	1	72	
115:3	3	2	0	2	0	2	2	49	
116:0	0	2	1	0	1	1	4	104	
116:1	1	2	1	1	2	2	5	90	
116:2	2	2	0	1	2	1	1	67	
116:3	3	2	0	2	0	2	2	59	
117:0	0	2	1	0	1	1	4	71	
117:1	1	2	1	1	2	2	5	53	
117:2	2	2	0	1	2	1	1	90	
117:3	3	2	0	2	0	2	2	45	
118:0	0	2	1	0	1	1	4	107	
118:1	1	2	1	1	2	2	5	38	
118:2	2	2	0	1	2	1	1	41	
118:3	3	2	0	2	0	2	2	34	
119:0	0	2	1	0	1	1	4	263	
119:1	1	2	1	1	2	2	5	54	
119:2	2	2	0	1	2	1	1	136	
119:3	3	2	0	2	0	2	2	35	
120:0	0	2	1	0	1	1	4	129	
120:1	1	2	1	1	2	2	5	206	
120:2	2	2	0	1	2	1	1	43	
120:3	3	2	0	2	0	2	2	44	
121:0	0	2	1	0	1	1	4	60	
121:1	1	2	1	1	2	2	5	70	
121:2	2	2	0	1	2	1	1	56	
121:3	3	2	0	2	0	2	2	58	
122:0	0	2	1	0	1	1	4	141	
122:1	1	2	1	1	2	2	5	68	
122:2	2	2	0	1	2	1	1	75	
122:3	3	2	0	2	0	2	2	26	
123:0	0	2	1	0	1	1	4	88	
123:1	1	2	1	1	2	2	5	91	
123:2	2	2	0	1	2	1	1	119	
123:3	3	2	0	2	0	2	2	42	
124:0	0	2	1	0	1	1	4	89	
124:1	1	2	1	1	2	2	5	123	
124:2	2	2	0	1	2	1	1	81	
124:3	3	2	0	2	0	2	2	57	
125:0	0	2	1	0	1	1	4	113	
125:1	1	2	1	1	2	2	5	88	
125:2	2	2	0	1	2	1	1	72	
125:3	3	2	0	2	0	2	2	38	
126:0	0	2	1	0	1	1	4	117	
126:1	1	2	1	1	2	2	5	68	
126:2	2	2	0	1	2	1	1	88	
126:3	3	2	0	2	0	2	2	44	
127:0	0	2	1	0	1	1	4	118	
127:1	1	2	1	1	2	2	5	90	
127:2	2	2	0	1	2	1	1	43	
127:3	3	2	0	2	0	2	2	39	
128:0	0	2	1	0	1	1	3	97	
128:1	1	2	1	1	2	2	5	114	
128:2	2	2	0	1	2	1	1	90	
128:3	3	2	0	2	0	2	2	31	
129:0	0	2	1	0	1	1	4	64	
129:1	1	2	1	1	2	2	5	110	
129:2	2	2	0	1	2	1	1	77	
129:3	3	2	0	2	0	2	2	44	
130:0	0	2	1	0	1	1	4	90	
130:1	1	2	1	1	2	2	5	94	
130:2	2	2	0	1	2	1	1	42	
130:3	3	2	0	2	0	2	2	62	
131:0	0	2	1	0	1	1	4	65	
131:1	1	2	1	1	2	2	5	75	
131:2	2	2	0	1	2	1	1	97	
131:3	3	2	0	2	0	2	2	38	
132:0	0	2	1	0	1	1	4	133	
132:1	1	2	1	1	2	2	5	61	
132:2	2	2	0	1	2	1	1	80	
132:3	3	2	0	2	0	2	2	49	
133:0	0	2	1	0	1	1	4	122	
133:1	1	2	1	1	2	2	5	57	
133:2	2	2	0	1	2	1	1	30	
133:3	3	2	0	2	0	2	2	38	
134:0	0	2	1	0	1	1	4	99	
134:1	1	2	1	1	2	2	5	76	
134:2	2	2	0	1	2	1	1	81	
134:3	3	2	0	2	0	2	2	41	
135:0	0	2	1	0	1	1	4	106	
135:1	1	2	1	1	2	2	5	75	
135:2	2	2	0	1	2	1	1	89	
135:3	3	2	0	2	0	2	2	46	
136:0	0	2	1	0	1	1	4	92	
136:1	1	2	1	1	2	2	5	46	
136:2	2	2	0	1	2	1	1	34	
136:3	3	2	0	2	0	2	2	47	
137:0	0	2	1	0	1	1	4	75	
137:1	1	2	1	1	2	2	5	68	
137:2	2	2	0	1	2	1	1	80	
137:3	3	2	0	2	0	2	2	53	
138:0	0	2	1	0	1	1	4	124	
138:1	1	2	1	1	2	2	5	105	
138:2	2	2	0	1	2	1	1	108	
138:3	3	2	0	2	0	2	2	31	
139:0	0	2	1	0	1	1	4	84	
139:1	1	2	1	1	2	2	5	95	
139:2	2	2	0	1	2	1	1	78	
139:3	3	2	0	2	0	2	2	70	
140:0	0	2	1	0	1	1	4	50	
140:1	1	2	1	1	2	2	5	105	
140:2	2	2	0	1	2	1	1	115	
140:3	3	2	0	2	0	2	2	60	
141:0	0	2	1	0	1	1	4	97	
141:1	1	2	1	1	2	2	5	78	
141:2	2	2	0	1	2	1	1	97	
141:3	3	2	0	2	0	2	2	36	
142:0	0	2	1	0	1	1	4	51	
142:1	1	2	1	1	2	2	5	161	
142:2	2	2	0	1	2	1	1	106	
142:3	3	2	0	2	0	2	2	51	
143:0	0	2	1	0	1	1	4	107	
143:1	1	2	1	1	2	2	5	43	
143:2	2	2	0	1	2	1	1	46	
143:3	3	2	0	2	0	2	2	75	
144:0	0	2	1	0	1	1	4	85	
144:1	1	2	1	1	2	2	5	82	
144:2	2	2	0	1	2	1	1	136	
144:3	3	2	0	2	0	2	2	48	
145:0	0	2	1	0	1	1	4	89	
145:1	1	2	1	1	2	2	5	81	
145:2	2	2	0	1	2	1	1	112	
145:3	3	2	0	2	0	2	2	40	
146:0	0	2	1	0	1	1	4	61	
146:1	1	2	1	1	2	2	5	134	
146:2	2	2	0	1	2	1	1	99	
146:3	3	2	0	2	0	2	2	56	
147:0	0	2	1	0	1	1	4	72	
147:1	1	2	1	1	2	2	5	44	
147:2	2	2	0	1	2	1	1	80	
147:3	3	2	0	2	0	2	2	29	
148:0	0	2	1	0	1	1	4	45	
148:1	1	2	1	1	2	2	5	60	
148:2	2	2	0	1	2	1	1	102	
148:3	3	2	0	2	0	2	2	32	
149:0	0	2	1	0	1	1	4	63	
149:1	1	2	1	1	2	2	5	39	
149:2	2	2	0	1	2	1	1	27	
149:3	3	2	0	2	0	2	2	48	
150:0	0	2	1	0	1	1	4	70	
150:1	1	2	1	1	2	2	5	143	
150:2	2	2	0	1	2	1	1	84	
150:3	3	2	0	2	0	2	2	45	
151:0	0	2	1	0	1	1	4	238	
151:1	1	2	1	1	2	2	5	85	
151:2	2	2	0	1	2	1	1	83	
151:3	3	2	0	2	0	2	2	51	
152:0	0	2	1	0	1	1	4	82	
152:1	1	2	1	1	2	2	5	288	
152:2	2	2	0	1	2	1	1	106	
152:3	3	2	0	2	0	2	2	43	
153:0	0	2	1	0	1	1	4	80	
153:1	1	2	1	1	2	2	5	73	
153:2	2	2	0	1	2	1	1	131	
153:3	3	2	0	2	0	2	2	32	
154:0	0	2	1	0	1	1	4	145	
154:1	1	2	1	1	2	2	5	55	
154:2	2	2	0	1	2	1	1	61	
154:3	3	2	0	2	0	2	2	36	
155:0	0	2	1	0	1	1	4	106	
155:1	1	2	1	1	2	2	5	138	
155:2	2	2	0	1	2	1	1	107	
155:3	3	2	0	2	0	2	2	44	
156:0	0	2	1	0	1	1	4	46	
156:1	1	2	1	1	2	2	5	88	
156:2	2	2	0	1	2	1	1	26	
156:3	3	2	0	2	0	2	2	37	
157:0	0	2	1	0	1	1	4	55	
157:1	1	2	1	1	2	2	5	73	
157:2	2	2	0	1	2	1	1	105	
157:3	3	2	0	2	0	2	2	43	
158:0	0	2	1	0	1	1	4	102	
158:1	1	2	1	1	2	2	5	54	
158:2	2	2	0	1	2	1	1	60	
158:3	3	2	0	2	0	2	2	37	
159:0	0	2	1	0	1	1	4	140	
159:1	1	2	1	1	2	2	5	72	
159:2	2	2	0	1	2	1	1	72	
159:3	3	2	0	2	0	2	2	26	
160:1	1	2	1	1	2	2	5	108	
160:2	2	2	0	1	2	1	1	96	
160:3	3	2	0	2	0	2	2	34	
161:0	0	2	1	0	1	1	4	127	
161:1	1	2	1	1	2	2	5	95	
161:2	2	2	0	1	2	1	1	91	
161:3	3	2	0	2	0	2	2	64	
162:0	0	2	1	0	1	1	4	100	
162:1	1	2	1	1	2	2	5	122	
162:2	2	2	0	1	2	1	1	68	
162:3	3	2	0	2	0	2	2	54	
163:0	0	2	1	0	1	1	4	113	
163:1	1	2	1	1	2	2	5	74	
163:2	2	2	0	1	2	1	1	79	
163:3	3	2	0	2	0	2	2	42	
164:0	0	2	1	0	1	1	4	81	
164:1	1	2	1	1	2	2	5	218	
164:2	2	2	0	1	2	1	1	134	
164:3	3	2	0	2	0	2	2	30	
165:0	0	2	1	0	1	1	4	85	
165:1	1	2	1	1	2	2	5	80	
165:2	2	2	0	1	2	1	1	63	
165:3	3	2	0	2	0	2	2	51	
166:0	0	2	1	0	1	1	4	88	
166:1	1	2	1	1	2	2	5	86	
166:2	2	2	0	1	2	1	1	50	
166:3	3	2	0	2	0	2	2	36	
167:0	0	2	1	0	1	1	4	184	
167:1	1	2	1	1	2	2	5	103	
167:2	2	2	0	1	2	1	1	119	
167:3	3	2	0	2	0	2	2	57	
168:0	0	2	1	0	1	1	4	159	
168:1	1	2	1	1	2	2	5	95	
168:2	2	2	0	1	2	1	1	34	
168:3	3	2	0	2	0	2	2	36	
169:0	0	2	1	0	1	1	4	251	
169:1	1	2	1	1	2	2	5	127	
169:2	2	2	0	1	2	1	1	125	
169:3	3	2	0	2	0	2	2	49	
170:0	0	2	1	0	1	1	4	92	
170:1	1	2	1	1	2	2	5	66	
170:2	2	2	0	1	2	1	1	87	
170:3	3	2	0	2	0	2	2	55	
171:0	0	2	1	0	1	1	4	64	
171:1	1	2	1	1	2	2	5	66	
171:2	2	2	0	1	2	1	1	61	
171:3	3	2	0	2	0	2	2	42	
172:0	0	2	1	0	1	1	4	104	
172:1	1	2	1	1	2	2	5	75	
172:2	2	2	0	1	2	1	1	94	
172:3	3	2	0	2	0	2	2	32	
173:0	0	2	1	0	1	1	4	69	
173:1	1	2	1	1	2	2	5	50	
173:2	2	2	0	1	2	1	1	59	
173:3	3	2	0	2	0	2	2	59	
174:0	0	2	1	0	1	1	4	82	
174:1	1	2	1	1	2	2	5	194	
174:2	2	2	0	1	2	1	1	50	
174:3	3	2	0	2	0	2	2	40	
175:0	0	2	1	0	1	1	4	87	
175:1	1	2	1	1	2	2	5	84	
175:2	2	2	0	1	2	1	1	50	
175:3	3	2	0	2	0	2	2	63	
176:0	0	2	1	0	1	1	4	81	
176:1	1	2	1	1	2	2	5	79	
176:2	2	2	0	1	2	1	1	54	
176:3	3	2	0	2	0	2	2	45	
177:0	0	2	1	0	1	1	4	91	
177:1	1	2	1	1	2	2	5	48	
177:2	2	2	0	1	2	1	1	71	
177:3	3	2	0	2	0	2	2	51	
178:0	0	2	1	0	1	1	4	69	
178:1	1	2	1	1	2	2	5	57	
178:2	2	2	0	1	2	1	1	102	
178:3	3	2	0	2	0	2	2	53	
179:0	0	2	1	0	1	1	4	163	
179:1	1	2	1	1	2	2	5	40	
179:2	2	2	0	1	2	1	1	82	
179:3	3	2	0	2	0	2	2	31	
180:0	0	2	1	0	1	1	4	75	
180:1	1	2	1	1	2	2	5	65	
180:2	2	2	0	1	2	1	1	61	
180:3	3	2	0	2	0	2	2	28	
181:0	0	2	1	0	1	1	4	83	
181:1	1	2	1	1	2	2	5	55	
181:2	2	2	0	1	2	1	1	83	
181:3	3	2	0	2	0	2	2	54	
182:0	0	2	1	0	1	1	4	122	
182:1	1	2	1	1	2	2	5	81	
182:2	2	2	0	1	2	1	1	75	
182:3	3	2	0	2	0	2	2	44	
183:0	0	2	1	0	1	1	4	65	
183:1	1	2	1	1	2	2	5	77	
183:2	2	2	0	1	2	1	1	126	
183:3	3	2	0	2	0	2	2	50	
184:0	0	2	1	0	1	1	4	72	
184:1	1	2	1	1	2	2	5	57	
184:2	2	2	0	1	2	1	1	44	
184:3	3	2	0	2	0	2	2	30	
185:0	0	2	1	0	1	1	4	102	
185:1	1	2	1	1	2	2	5	75	
185:2	2	2	0	1	2	1	1	71	
185:3	3	2	0	2	0	2	2	45	
186:0	0	2	1	0	1	1	4	305	
186:1	1	2	1	1	2	2	5	236	
186:2	2	2	0	1	2	1	1	143	
186:3	3	2	0	2	0	2	2	42	
187:0	0	2	1	0	1	1	4	107	
187:1	1	2	1	1	2	2	5	116	
187:2	2	2	0	1	2	1	1	86	
187:3	3	2	0	2	0	2	2	29	
188:0	0	2	1	0	1	1	4	68	
188:1	1	2	1	1	2	2	5	55	
188:2	2	2	0	1	2	1	1	49	
188:3	3	2	0	2	0	2	2	77	
189:0	0	2	1	0	1	1	4	92	
189:1	1	2	1	1	2	2	5	78	
189:2	2	2	0	1	2	1	1	128	
189:3	3	2	0	2	0	2	2	55	
190:0	0	2	1	0	1	1	4	65	
190:1	1	2	1	1	2	2	5	78	
190:2	2	2	0	1	2	1	1	65	
190:3	3	2	0	2	0	2	2	45	
191:0	0	2	1	0	1	1	4	92	
191:1	1	2	1	1	2	2	5	268	
191:2	2	2	0	1	2	1	1	137	
191:3	3	2	0	2	0	2	2	80	
192:0	0	2	1	0	1	1	4	95	
192:1	1	2	1	1	2	2	5	99	
192:2	2	2	0	1	2	1	1	58	
192:3	3	2	0	2	0	2	2	50	
193:0	0	2	1	0	1	1	4	78	
193:1	1	2	1	1	2	2	5	106	
193:2	2	2	0	1	2	1	1	94	
193:3	3	2	0	2	0	2	2	47	
194:0	0	2	1	0	1	1	4	94	
194:1	1	2	1	1	2	2	5	138	
194:2	2	2	0	1	2	1	1	116	
194:3	3	2	0	2	0	2	2	61	
195:0	0	2	1	0	1	1	4	94	
195:1	1	2	1	1	2	2	5	194	
195:2	2	2	0	1	2	1	1	81	
195:3	3	2	0	2	0	2	2	28	
196:0	0	2	1	0	1	1	4	82	
196:1	1	2	1	1	2	2	5	72	
196:2	2	2	0	1	2	1	1	105	
196:3	3	2	0	2	0	2	2	56	
197:0	0	2	1	0	1	1	4	91	
197:1	1	2	1	1	2	2	5	358	
197:2	2	2	0	1	2	1	1	240	
197:3	3	2	0	2	0	2	2	54	
198:1	1	2	1	1	2	2	5	128	
198:2	2	2	0	1	2	1	1	94	
198:3	3	2	0	2	0	2	2	56	
199:0	0	2	1	0	1	1	4	78	
199:1	1	2	1	1	2	2	5	60	
199:2	2	2	0	1	2	1	1	77	
199:3	3	2	0	2	0	2	2	41	
200:0	0	2	1	0	1	1	4	143	
200:1	1	2	1	1	2	2	5	140	
200:2	2	2	0	2	0	2	2	61	
200:3	3	2	0	1	2	1	1	82	
201:0	0	2	1	0	1	1	4	115	
201:1	1	2	1	1	2	2	5	89	
201:2	2	2	0	2	0	2	2	70	
201:3	3	2	0	1	2	1	1	48	
202:0	0	2	1	0	1	1	4	298	
202:1	1	2	1	1	2	2	5	66	
202:2	2	2	0	2	0	2	2	35	
202:3	3	2	0	1	2	1	1	34	
203:0	0	2	1	0	1	1	4	107	
203:1	1	2	1	1	2	2	5	46	
203:2	2	2	0	2	0	2	2	51	
203:3	3	2	0	1	2	1	1	43	
204:0	0	2	1	0	1	1	4	81	
204:1	1	2	1	1	2	2	5	106	
204:2	2	2	0	2	0	2	2	39	
204:3	3	2	0	1	2	1	1	54	
205:0	0	2	1	0	1	1	4	81	
205:1	1	2	1	1	2	2	5	91	
205:2	2	2	0	2	0	2	2	89	
205:3	3	2	0	1	2	1	1	46	
206:0	0	2	1	0	1	1	4	88	
206:1	1	2	1	1	2	2	5	59	
206:2	2	2	0	2	0	2	2	70	
206:3	3	2	0	1	2	1	1	41	
207:0	0	2	1	0	1	1	4	80	
207:1	1	2	1	1	2	2	4	114	
207:2	2	2	0	2	0	2	2	48	
207:3	3	2	0	1	2	1	1	68	
208:0	0	2	1	0	1	1	4	101	
208:1	1	2	1	1	2	2	5	81	
208:2	2	2	0	2	0	2	2	32	
208:3	3	2	0	1	2	1	1	69	
209:0	0	2	1	0	1	1	4	76	
209:1	1	2	1	1	2	2	5	101	
209:2	2	2	0	2	0	2	2	75	
209:3	3	2	0	1	2	1	1	72	
210:0	0	2	1	0	1	1	4	79	
210:1	1	2	1	1	2	2	5	67	
210:2	2	2	0	2	0	2	2	63	
210:3	3	2	0	1	2	1	1	24	
211:0	0	2	1	0	1	1	4	371	
211:1	1	2	1	1	2	2	5	95	
211:2	2	2	0	2	0	2	2	47	
211:3	3	2	0	1	2	1	1	64	
212:0	0	2	1	0	1	1	4	96	
212:1	1	2	1	1	2	2	5	97	
212:2	2	2	0	2	0	2	2	54	
212:3	3	2	0	1	2	1	1	42	
213:0	0	2	1	0	1	1	4	90	
213:1	1	2	1	1	2	2	5	71	
213:2	2	2	0	2	0	2	2	88	
213:3	3	2	0	1	2	1	1	47	
214:0	0	2	1	0	1	1	4	263	
214:1	1	2	1	1	2	2	5	67	
214:2	2	2	0	2	0	2	2	57	
214:3	3	2	0	1	2	1	1	49	
215:0	0	2	1	0	1	1	4	90	
215:1	1	2	1	1	2	2	5	42	
215:2	2	2	0	2	0	2	2	54	
215:3	3	2	0	1	2	1	1	30	
216:0	0	2	1	0	1	1	4	78	
216:1	1	2	1	1	2	2	5	56	
216:2	2	2	0	2	0	2	2	64	
216:3	3	2	0	1	2	1	1	77	
217:0	0	2	1	0	1	1	4	488	
217:1	1	2	1	1	2	2	5	82	
217:2	2	2	0	2	0	2	2	67	
217:3	3	2	0	1	2	1	1	52	
218:0	0	2	1	0	1	1	4	103	
218:1	1	2	1	1	2	2	5	77	
218:2	2	2	0	2	0	2	2	69	
218:3	3	2	0	1	2	1	1	43	
219:0	0	2	1	0	1	1	4	108	
219:1	1	2	1	1	2	2	5	83	
219:2	2	2	0	2	0	2	2	84	
219:3	3	2	0	1	2	1	1	66	
220:0	0	2	1	0	1	1	4	52	
220:1	1	2	1	1	2	2	5	86	
220:2	2	2	0	2	0	2	2	59	
220:3	3	2	0	1	2	1	1	57	
221:0	0	2	1	0	1	1	4	109	
221:1	1	2	1	1	2	2	5	78	
221:2	2	2	0	2	0	2	2	56	
221:3	3	2	0	1	2	1	1	47	
222:0	0	2	1	0	1	1	4	67	
222:1	1	2	1	1	2	2	5	190	
222:2	2	2	0	2	0	2	2	70	
222:3	3	2	0	1	2	1	1	39	
223:0	0	2	1	0	1	1	4	78	
223:1	1	2	1	1	2	2	5	85	
223:2	2	2	0	2	0	2	2	76	
223:3	3	2	0	1	2	1	1	23	
224:0	0	2	1	0	1	1	4	93	
224:1	1	2	1	1	2	2	5	62	
224:2	2	2	0	2	0	2	2	46	
224:3	3	2	0	1	2	1	1	34	
225:0	0	2	1	0	1	1	4	94	
225:1	1	2	1	1	2	2	5	84	
225:2	2	2	0	2	0	2	2	62	
225:3	3	2	0	1	2	1	1	38	
226:0	0	2	1	0	1	1	4	77	
226:1	1	2	1	1	2	2	5	83	
226:2	2	2	0	2	0	2	2	61	
226:3	3	2	0	1	2	1	1	48	
227:0	0	2	1	0	1	1	4	98	
227:1	1	2	1	1	2	2	5	72	
227:2	2	2	0	2	0	2	2	53	
227:3	3	2	0	1	2	1	1	32	
228:0	0	2	1	0	1	1	4	86	
228:1	1	2	1	1	2	2	5	54	
228:2	2	2	0	2	0	2	2	89	
228:3	3	2	0	1	2	1	1	18	
229:0	0	2	1	0	1	1	4	147	
229:1	1	2	1	1	2	2	5	78	
229:2	2	2	0	2	0	2	2	90	
229:3	3	2	0	1	2	1	1	64	
230:0	0	2	1	0	1	1	4	71	
230:1	1	2	1	1	2	2	5	50	
230:2	2	2	0	2	0	2	2	48	
230:3	3	2	0	1	2	1	1	44	
231:0	0	2	1	0	1	1	4	61	
231:1	1	2	1	1	2	2	5	52	
231:2	2	2	0	2	0	2	2	49	
231:3	3	2	0	1	2	1	1	37	
232:0	0	2	1	0	1	1	4	124	
232:1	1	2	1	1	2	2	5	109	
232:2	2	2	0	2	0	2	2	74	
232:3	3	2	0	1	2	1	1	37	
233:0	0	2	1	0	1	1	4	87	
233:1	1	2	1	1	2	2	5	51	
233:2	2	2	0	2	0	2	2	65	
233:3	3	2	0	1	2	1	1	28	
234:0	0	2	1	0	1	1	4	145	
234:1	1	2	1	1	2	2	5	76	
234:2	2	2	0	2	0	2	2	89	
234:3	3	2	0	1	2	1	1	36	
235:0	0	2	1	0	1	1	4	72	
235:1	1	2	1	1	2	2	5	112	
235:2	2	2	0	2	0	2	2	69	
235:3	3	2	0	1	2	1	1	58	
236:0	0	2	1	0	1	1	4	81	
236:1	1	2	1	1	2	2	5	251	
236:2	2	2	0	2	0	2	2	77	
236:3	3	2	0	1	2	1	1	90	
237:0	0	2	1	0	1	1	4	75	
237:1	1	2	1	1	2	2	5	88	
237:2	2	2	0	2	0	2	2	74	
237:3	3	2	0	1	2	1	1	42	
238:0	0	2	1	0	1	1	4	99	
238:1	1	2	1	1	2	2	5	73	
238:2	2	2	0	2	0	2	2	74	
238:3	3	2	0	1	2	1	1	48	
239:0	0	2	1	0	1	1	4	74	
239:1	1	2	1	1	2	2	5	56	
239:2	2	2	0	2	0	2	2	45	
239:3	3	2	0	1	2	1	1	60	
240:0	0	2	1	0	1	1	4	100	
240:1	1	2	1	1	2	2	5	70	
240:2	2	2	0	2	0	2	2	95	
240:3	3	2	0	1	2	1	1	63	
241:0	0	2	1	0	1	1	4	67	
241:1	1	2	1	1	2	2	5	67	
241:2	2	2	0	2	0	2	2	48	
241:3	3	2	0	1	2	1	1	68	
242:0	0	2	1	0	1	1	4	235	
242:1	1	2	1	1	2	2	5	53	
242:2	2	2	0	2	0	2	2	64	
242:3	3	2	0	1	2	1	1	36	
243:0	0	2	1	0	1	1	4	119	
243:1	1	2	1	1	2	2	5	88	
243:2	2	2	0	2	0	2	2	41	
243:3	3	2	0	1	2	1	1	47	
244:0	0	2	1	0	1	1	4	81	
244:1	1	2	1	1	2	2	5	128	
244:2	2	2	0	2	0	2	2	65	
244:3	3	2	0	1	2	1	1	48	
245:0	0	2	1	0	1	1	4	133	
245:1	1	2	1	1	2	2	5	98	
245:2	2	2	0	2	0	2	2	68	
245:3	3	2	0	1	2	1	1	64	
246:0	0	2	1	0	1	1	4	264	
246:1	1	2	1	1	2	2	5	83	
246:2	2	2	0	2	0	2	2	84	
246:3	3	2	0	1	2	1	1	53	
247:0	0	2	1	0	1	1	4	110	
247:1	1	2	1	1	2	2	5	77	
247:2	2	2	0	2	0	2	2	54	
247:3	3	2	0	1	2	1	1	102	
248:0	0	2	1	0	1	1	4	92	
248:1	1	2	1	1	2	2	5	77	
248:2	2	2	0	2	0	2	2	92	
248:3	3	2	0	1	2	1	1	35	
249:0	0	2	1	0	1	1	4	84	
249:1	1	2	1	1	2	2	5	60	
249:2	2	2	0	2	0	2	2	63	
249:3	3	2	0	1	2	1	1	81	
250:0	0	2	1	0	1	1	0	28	
250:1	1	2	1	1	2	2	5	110	
250:2	2	2	0	2	0	2	2	79	
250:3	3	2	0	1	2	1	1	51	
251:0	0	2	1	0	1	1	4	167	
251:1	1	2	1	1	2	2	5	57	
251:2	2	2	0	2	0	2	2	67	
251:3	3	2	0	1	2	1	1	38	
252:0	0	2	1	0	1	1	4	77	
252:1	1	2	1	1	2	2	5	56	
252:2	2	2	0	2	0	2	2	51	
252:3	3	2	0	1	2	1	1	57	
253:0	0	2	1	0	1	1	4	66	
253:1	1	2	1	1	2	2	5	82	
253:2	2	2	0	2	0	2	2	70	
253:3	3	2	0	1	2	1	1	54	
254:0	0	2	1	0	1	1	4	82	
254:1	1	2	1	1	2	2	5	91	
254:2	2	2	0	2	0	2	2	62	
254:3	3	2	0	1	2	1	1	50	
255:0	0	2	1	0	1	1	4	76	
255:1	1	2	1	1	2	2	5	68	
255:2	2	2	0	2	0	2	2	46	
255:3	3	2	0	1	2	1	1	37	
256:0	0	2	1	0	1	1	4	101	
256:1	1	2	1	1	2	2	5	97	
256:2	2	2	0	2	0	2	2	78	
256:3	3	2	0	1	2	1	1	63	
257:0	0	2	1	0	1	1	4	459	
257:1	1	2	1	1	2	2	5	45	
257:2	2	2	0	2	0	2	2	67	
257:3	3	2	0	1	2	1	1	72	
258:0	0	2	1	0	1	1	4	163	
258:1	1	2	1	1	2	2	5	48	
258:2	2	2	0	2	0	2	2	55	
258:3	3	2	0	1	2	1	1	54	
259:0	0	2	1	0	1	1	4	210	
259:1	1	2	1	1	2	2	5	58	
259:2	2	2	0	2	0	2	2	60	
259:3	3	2	0	1	2	1	1	33	
260:0	0	2	1	0	1	1	4	44	
260:1	1	2	1	1	2	2	5	49	
260:2	2	2	0	2	0	2	2	65	
260:3	3	2	0	1	2	1	1	42	
261:0	0	2	1	0	1	1	4	98	
261:1	1	2	1	1	2	2	5	103	
261:2	2	2	0	2	0	2	2	72	
261:3	3	2	0	1	2	1	1	52	
262:0	0	2	1	0	1	1	4	97	
262:1	1	2	1	1	2	2	5	108	
262:2	2	2	0	2	0	2	2	91	
262:3	3	2	0	1	2	1	1	50	
263:0	0	2	1	0	1	1	4	73	
263:1	1	2	1	1	2	2	5	80	
263:2	2	2	0	2	0	2	2	65	
263:3	3	2	0	1	2	1	1	69	
264:0	0	2	1	0	1	1	4	108	
264:1	1	2	1	1	2	2	5	90	
264:2	2	2	0	2	0	2	2	87	
264:3	3	2	0	1	2	1	1	37	
265:0	0	2	1	0	1	1	3	438	
265:1	1	2	1	1	2	2	5	114	
265:2	2	2	0	2	0	2	2	68	
265:3	3	2	0	1	2	1	1	41	
266:0	0	2	1	0	1	1	4	119	
266:1	1	2	1	1	2	2	5	281	
266:2	2	2	0	2	0	2	2	55	
266:3	3	2	0	1	2	1	1	55	
267:0	0	2	1	0	1	1	4	81	
267:1	1	2	1	1	2	2	5	237	
267:2	2	2	0	2	0	2	2	50	
267:3	3	2	0	1	2	1	1	62	
268:0	0	2	1	0	1	1	4	58	
268:1	1	2	1	1	2	2	5	75	
268:2	2	2	0	2	0	2	2	44	
268:3	3	2	0	1	2	1	1	38	
269:0	0	2	1	0	1	1	4	108	
269:1	1	2	1	1	2	2	5	80	
269:2	2	2	0	2	0	2	2	68	
269:3	3	2	0	1	2	1	1	30	
270:0	0	2	1	0	1	1	4	71	
270:1	1	2	1	1	2	2	4	121	
270:2	2	2	0	2	0	2	2	82	
270:3	3	2	0	1	2	1	1	36	
271:0	0	2	1	0	1	1	4	86	
271:1	1	2	1	1	2	2	5	112	
271:2	2	2	0	2	0	2	2	48	
271:3	3	2	0	1	2	1	1	33	
272:0	0	2	1	0	1	1	4	66	
272:1	1	2	1	1	2	2	5	56	
272:2	2	2	0	2	0	2	2	79	
272:3	3	2	0	1	2	1	1	44	
273:0	0	2	1	0	1	1	4	129	
273:1	1	2	1	1	2	2	5	161	
273:2	2	2	0	2	0	2	2	49	
273:3	3	2	0	1	2	1	1	37	
274:0	0	2	1	0	1	1	4	200	
274:1	1	2	1	1	2	2	5	97	
274:2	2	2	0	2	0	2	2	57	
274:3	3	2	0	1	2	1	1	71	
275:0	0	2	1	0	1	1	4	208	
275:1	1	2	1	1	2	2	5	298	
275:2	2	2	0	2	0	2	2	82	
275:3	3	2	0	1	2	1	1	62	
276:0	0	2	1	0	1	1	4	169	
276:1	1	2	1	1	2	2	5	197	
276:2	2	2	0	2	0	2	2	91	
276:3	3	2	0	1	2	1	1	73	
277:0	0	2	1	0	1	1	4	74	
277:1	1	2	1	1	2	2	5	86	
277:2	2	2	0	2	0	2	2	39	
277:3	3	2	0	1	2	1	1	57	
278:0	0	2	1	0	1	1	4	114	
278:1	1	2	1	1	2	2	5	69	
278:2	2	2	0	2	0	2	2	87	
278:3	3	2	0	1	2	1	1	42	
279:0	0	2	1	0	1	1	4	86	
279:1	1	2	1	1	2	2	5	83	
279:2	2	2	0	2	0	2	2	70	
279:3	3	2	0	1	2	1	1	40	
280:0	0	2	1	0	1	1	4	172	
280:1	1	2	1	1	2	2	5	68	
280:2	2	2	0	2	0	2	2	63	
280:3	3	2	0	1	2	1	1	36	
281:0	0	2	1	0	1	1	4	166	
281:1	1	2	1	1	2	2	5	33	
281:2	2	2	0	2	0	2	2	61	
281:3	3	2	0	1	2	1	1	42	
282:0	0	2	1	0	1	1	4	82	
282:1	1	2	1	1	2	2	5	97	
282:2	2	2	0	2	0	2	2	47	
282:3	3	2	0	1	2	1	1	54	
283:0	0	2	1	0	1	1	4	111	
283:1	1	2	1	1	2	2	5	440	
283:2	2	2	0	2	0	2	2	45	
283:3	3	2	0	1	2	1	1	66	
284:0	0	2	1	0	1	1	4	112	
284:1	1	2	1	1	2	2	5	78	
284:2	2	2	0	2	0	2	2	96	
284:3	3	2	0	1	2	1	1	56	
285:0	0	2	1	0	1	1	4	82	
285:1	1	2	1	1	2	2	5	75	
285:2	2	2	0	2	0	2	2	61	
285:3	3	2	0	1	2	1	1	28	
286:0	0	2	1	0	1	1	4	97	
286:1	1	2	1	1	2	2	5	61	
286:2	2	2	0	2	0	2	2	50	
286:3	3	2	0	1	2	1	1	46	
287:0	0	2	1	0	1	1	4	193	
287:1	1	2	1	1	2	2	5	119	
287:2	2	2	0	2	0	2	2	96	
287:3	3	2	0	1	2	1	1	48	
288:0	0	2	1	0	1	1	4	334	
288:1	1	2	1	1	2	2	5	66	
288:2	2	2	0	2	0	2	2	68	
288:3	3	2	0	1	2	1	1	57	
289:0	0	2	1	0	1	1	4	147	
289:1	1	2	1	1	2	2	5	33	
289:2	2	2	0	2	0	2	2	58	
289:3	3	2	0	1	2	1	1	41	
290:0	0	2	1	0	1	1	4	95	
290:1	1	2	1	1	2	2	5	56	
290:2	2	2	0	2	0	2	2	58	
290:3	3	2	0	1	2	1	1	46	
291:0	0	2	1	0	1	1	4	82	
291:1	1	2	1	1	2	2	5	61	
291:2	2	2	0	2	0	2	2	56	
291:3	3	2	0	1	2	1	1	34	
292:0	0	2	1	0	1	1	4	64	
292:1	1	2	1	1	2	2	5	60	
292:2	2	2	0	2	0	2	2	41	
292:3	3	2	0	1	2	1	1	67	
293:0	0	2	1	0	1	1	4	163	
293:1	1	2	1	1	2	2	5	156	
293:2	2	2	0	2	0	2	2	80	
293:3	3	2	0	1	2	1	1	59	
294:0	0	2	1	0	1	1	4	72	
294:1	1	2	1	1	2	2	5	66	
294:2	2	2	0	2	0	2	2	82	
294:3	3	2	0	1	2	1	1	47	
295:0	0	2	1	0	1	1	4	72	
295:1	1	2	1	1	2	2	5	104	
295:2	2	2	0	2	0	2	2	54	
295:3	3	2	0	1	2	1	1	37	
296:0	0	2	1	0	1	1	4	107	
296:1	1	2	1	1	2	2	5	66	
296:2	2	2	0	2	0	2	2	51	
296:3	3	2	0	1	2	1	1	55	
297:0	0	2	1	0	1	1	4	123	
297:1	1	2	1	1	2	2	5	59	
297:2	2	2	0	2	0	2	2	44	
297:3	3	2	0	1	2	1	1	71	
298:0	0	2	1	0	1	1	4	78	
298:1	1	2	1	1	2	2	5	78	
298:2	2	2	0	2	0	2	2	84	
298:3	3	2	0	1	2	1	1	58	
299:0	0	2	1	0	1	1	4	113	
299:1	1	2	1	1	2	2	5	91	
299:2	2	2	0	2	0	2	2	68	
299:3	3	2	0	1	2	1	1	60	
